{
  "timestamp": "2025-03-15T14:30:00",
  "grid_size": [10, 10],
  "bounds": {
    "min_lat": 35.6000,
    "max_lat": 35.6300,
    "min_lon": 139.7700,
    "max_lon": 139.8000
  },
  "data_points": [
    {
      "lat": 35.6050,
      "lon": 139.7750,
      "wind_direction": 225.5,
      "wind_speed": 12.3,
      "confidence": 0.95
    },
    {
      "lat": 35.6100,
      "lon": 139.7800,
      "wind_direction": 226.8,
      "wind_speed": 12.5,
      "confidence": 0.97
    },
    {
      "lat": 35.6150,
      "lon": 139.7850,
      "wind_direction": 229.2,
      "wind_speed": 12.8,
      "confidence": 0.92
    },
    {
      "lat": 35.6200,
      "lon": 139.7900,
      "wind_direction": 231.5,
      "wind_speed": 13.2,
      "confidence": 0.88
    },
    {
      "lat": 35.6250,
      "lon": 139.7950,
      "wind_direction": 234.1,
      "wind_speed": 13.6,
      "confidence": 0.85
    }
  ],
  "grid_data": {
    "lats": [35.600, 35.603, 35.606, 35.609, 35.612, 35.615, 35.618, 35.621, 35.624, 35.627, 35.630],
    "lons": [139.770, 139.773, 139.776, 139.779, 139.782, 139.785, 139.788, 139.791, 139.794, 139.797, 139.800],
    "wind_directions": [
      [220.1, 221.3, 222.5, 223.7, 224.9, 226.1, 227.3, 228.5, 229.7, 230.9],
      [220.7, 221.9, 223.1, 224.3, 225.5, 226.7, 227.9, 229.1, 230.3, 231.5],
      [221.3, 222.5, 223.7, 224.9, 226.1, 227.3, 228.5, 229.7, 230.9, 232.1],
      [221.9, 223.1, 224.3, 225.5, 226.7, 227.9, 229.1, 230.3, 231.5, 232.7],
      [222.5, 223.7, 224.9, 226.1, 227.3, 228.5, 229.7, 230.9, 232.1, 233.3],
      [223.1, 224.3, 225.5, 226.7, 227.9, 229.1, 230.3, 231.5, 232.7, 233.9],
      [223.7, 224.9, 226.1, 227.3, 228.5, 229.7, 230.9, 232.1, 233.3, 234.5],
      [224.3, 225.5, 226.7, 227.9, 229.1, 230.3, 231.5, 232.7, 233.9, 235.1],
      [224.9, 226.1, 227.3, 228.5, 229.7, 230.9, 232.1, 233.3, 234.5, 235.7],
      [225.5, 226.7, 227.9, 229.1, 230.3, 231.5, 232.7, 233.9, 235.1, 236.3]
    ],
    "wind_speeds": [
      [10.5, 10.7, 10.9, 11.1, 11.3, 11.5, 11.7, 11.9, 12.1, 12.3],
      [10.8, 11.0, 11.2, 11.4, 11.6, 11.8, 12.0, 12.2, 12.4, 12.6],
      [11.1, 11.3, 11.5, 11.7, 11.9, 12.1, 12.3, 12.5, 12.7, 12.9],
      [11.4, 11.6, 11.8, 12.0, 12.2, 12.4, 12.6, 12.8, 13.0, 13.2],
      [11.7, 11.9, 12.1, 12.3, 12.5, 12.7, 12.9, 13.1, 13.3, 13.5],
      [12.0, 12.2, 12.4, 12.6, 12.8, 13.0, 13.2, 13.4, 13.6, 13.8],
      [12.3, 12.5, 12.7, 12.9, 13.1, 13.3, 13.5, 13.7, 13.9, 14.1],
      [12.6, 12.8, 13.0, 13.2, 13.4, 13.6, 13.8, 14.0, 14.2, 14.4],
      [12.9, 13.1, 13.3, 13.5, 13.7, 13.9, 14.1, 14.3, 14.5, 14.7],
      [13.2, 13.4, 13.6, 13.8, 14.0, 14.2, 14.4, 14.6, 14.8, 15.0]
    ],
    "confidence": [
      [0.95, 0.94, 0.93, 0.92, 0.91, 0.90, 0.89, 0.88, 0.87, 0.86],
      [0.94, 0.95, 0.94, 0.93, 0.92, 0.91, 0.90, 0.89, 0.88, 0.87],
      [0.93, 0.94, 0.95, 0.94, 0.93, 0.92, 0.91, 0.90, 0.89, 0.88],
      [0.92, 0.93, 0.94, 0.95, 0.94, 0.93, 0.92, 0.91, 0.90, 0.89],
      [0.91, 0.92, 0.93, 0.94, 0.95, 0.94, 0.93, 0.92, 0.91, 0.90],
      [0.90, 0.91, 0.92, 0.93, 0.94, 0.95, 0.94, 0.93, 0.92, 0.91],
      [0.89, 0.90, 0.91, 0.92, 0.93, 0.94, 0.95, 0.94, 0.93, 0.92],
      [0.88, 0.89, 0.90, 0.91, 0.92, 0.93, 0.94, 0.95, 0.94, 0.93],
      [0.87, 0.88, 0.89, 0.90, 0.91, 0.92, 0.93, 0.94, 0.95, 0.94],
      [0.86, 0.87, 0.88, 0.89, 0.90, 0.91, 0.92, 0.93, 0.94, 0.95]
    ]
  }
}
